1.2950787355594916E7	4862313.40475508
1.2950786325594917E7	4862314.744755081
1.2950788735594917E7	4862313.324755081
1.2950786535594916E7	4862317.704755081
1.2950785575594917E7	4862314.284755081
1.2950787815594917E7	4862314.714755081
1.2950787185594916E7	4862316.51475508
1.2950787185594916E7	4862316.544755081
1.2950788475594917E7	4862312.004755081
1.2950785845594916E7	4862313.5947550805
1.2950786625594916E7	4862313.64475508
1.2950788785594916E7	4862312.68475508
1.2950789445594916E7	4862312.47475508
1.2950785735594917E7	4862318.034755081
1.2950788505594917E7	4862311.994755081
1.2950785055594917E7	4862317.64475508
1.2950788125594916E7	4862312.69475508
1.2950788545594916E7	4862313.52475508
1.2950786645594917E7	4862313.544755081
1.2950785065594917E7	4862316.64475508
1.2950786585594917E7	4862313.714755081
1.2950789655594917E7	4862320.81475508
1.2950789755594917E7	4862311.704755081
1.2950787305594917E7	4862316.384755081
1.2950791095594916E7	4862319.76475508
1.2950787565594917E7	4862313.11475508
1.2950788525594916E7	4862311.98475508
1.2950789375594916E7	4862320.36475508
1.2950787185594916E7	4862317.5947550805
1.2950788875594916E7	4862320.76475508
1.2950788075594917E7	4862319.044755081
1.2950787845594916E7	4862316.214755081
1.2950787305594917E7	4862312.90475508
1.2950787675594917E7	4862315.64475508
1.2950785765594916E7	4862318.5547550805
1.2950785875594916E7	4862318.464755081
1.2950791465594916E7	4862319.754755081
1.2950788455594916E7	4862316.004755081
1.2950788755594917E7	4862320.744755081
1.2950788535594916E7	4862311.98475508
1.2950785055594917E7	4862317.8047550805
1.2950785065594917E7	4862317.06475508
1.2950789135594916E7	4862312.5947550805
1.2950787965594916E7	4862312.784755081
1.2950785645594917E7	4862315.084755081
1.2950788435594916E7	4862319.98475508
1.2950787815594917E7	4862314.65475508
1.2950785735594917E7	4862316.834755081
1.2950787075594917E7	4862312.664755081
1.2950785525594916E7	4862314.76475508
1.2950788995594917E7	4862320.76475508
1.2950787175594917E7	4862314.784755081
1.2950786555594917E7	4862313.664755081
1.2950786445594916E7	4862314.074755081
1.2950790075594917E7	4862311.634755081
1.2950787355594916E7	4862313.464755081
1.2950789265594916E7	4862311.81475508
1.2950791425594917E7	4862319.754755081
1.2950785055594917E7	4862317.534755081
1.2950787375594916E7	4862314.624755081
1.2950785045594916E7	4862318.47475508
1.2950790065594917E7	4862312.35475508
1.2950785065594917E7	4862316.76475508
1.2950785975594917E7	4862313.8047550805
1.2950785665594917E7	4862315.93475508
1.2950787305594917E7	4862316.85475508
1.2950788295594916E7	4862312.504755081
1.2950785055594917E7	4862318.124755081
1.2950788165594917E7	4862312.60475508
1.2950786015594916E7	4862317.31475508
1.2950785055594917E7	4862317.574755081
1.2950787985594917E7	4862320.31475508
1.2950791505594917E7	4862319.754755081
1.2950785895594917E7	4862316.35475508
1.2950786065594917E7	4862317.704755081
1.2950785065594917E7	4862316.954755081
1.2950786895594917E7	4862319.924755081
1.2950789285594916E7	4862311.81475508
1.2950787715594916E7	4862320.48475508
1.2950788335594917E7	4862312.874755081
1.2950785935594916E7	4862318.924755081
1.2950785895594917E7	4862316.64475508
1.2950786135594916E7	4862318.824755081
1.2950785045594916E7	4862318.18475508
1.2950786055594917E7	4862317.004755081
1.2950785845594916E7	4862313.61475508
1.2950790675594917E7	4862317.85475508
1.2950789055594917E7	4862313.43475508
1.2950788105594916E7	4862312.084755081
1.2950785835594917E7	4862318.674755081
1.2950789495594917E7	4862319.8447550805
1.2950787285594916E7	4862312.27475508
1.2950785055594917E7	4862317.294755081
1.2950787835594917E7	4862318.69475508
1.2950788745594917E7	4862313.44475508
1.2950785055594917E7	4862317.61475508
1.2950785745594917E7	4862317.744755081
1.2950789325594917E7	4862311.8047550805
1.2950785055594917E7	4862317.424755081
1.2950790645594917E7	4862320.414755081
1.2950788645594917E7	4862311.964755081
1.2950787215594916E7	4862314.664755081
1.2950785985594917E7	4862317.5547550805
1.2950786005594917E7	4862315.47475508
1.2950789195594916E7	4862311.834755081
1.2950789475594917E7	4862312.464755081
1.2950788415594917E7	4862319.924755081
1.2950788145594917E7	4862312.94475508
1.2950786055594917E7	4862316.77475508
1.2950785055594917E7	4862318.02475508
1.2950787885594916E7	4862312.134755081
1.2950789635594916E7	4862316.954755081
1.2950786455594916E7	4862317.794755081
1.2950786825594917E7	4862317.004755081
1.2950786225594917E7	4862313.254755081
1.2950787925594917E7	4862312.544755081
1.2950785755594917E7	4862315.214755081
1.2950785065594917E7	4862317.004755081
1.2950786495594917E7	4862318.294755081
1.2950786055594917E7	4862317.18475508
1.2950787595594916E7	4862313.0947550805
1.2950788995594917E7	4862311.884755081
1.2950788085594917E7	4862320.004755081
1.2950785065594917E7	4862316.8047550805
1.2950787765594916E7	4862312.64475508
1.2950787885594916E7	4862313.624755081
1.2950786355594916E7	4862314.51475508
1.2950787325594917E7	4862312.3447550805
1.2950788415594917E7	4862312.60475508
1.2950788125594916E7	4862317.994755081
1.2950790115594916E7	4862321.48475508
1.2950786455594916E7	4862317.704755081
1.2950787305594917E7	4862316.744755081
1.2950785045594916E7	4862318.214755081
1.2950787435594916E7	4862312.744755081
1.2950788845594916E7	4862311.914755081
1.2950785545594916E7	4862314.35475508
1.2950788265594916E7	4862314.65475508
1.2950788425594917E7	4862313.44475508
1.2950789915594917E7	4862321.494755081
1.2950788985594917E7	4862311.884755081
1.2950786865594916E7	4862312.36475508
1.2950790365594916E7	4862315.90475508
1.2950785095594916E7	4862313.86475508
1.2950785055594917E7	4862317.704755081
1.2950786085594917E7	4862313.77475508
1.2950787565594917E7	4862312.69475508
1.2950787735594917E7	4862312.65475508
1.2950791245594917E7	4862321.414755081
1.2950790105594916E7	4862321.48475508
1.2950786445594916E7	4862316.204755081
1.2950786735594917E7	4862314.68475508
1.2950786165594917E7	4862316.494755081
1.2950785065594917E7	4862316.97475508
1.2950787665594917E7	4862312.77475508
1.2950790385594916E7	4862321.464755081
1.2950789415594917E7	4862312.47475508
1.2950786655594917E7	4862313.164755081
1.2950791095594916E7	4862320.464755081
1.2950787495594917E7	4862319.39475508
1.2950787795594916E7	4862318.704755081
1.2950789285594916E7	4862314.134755081
1.2950785065594917E7	4862317.084755081
1.2950788445594916E7	4862312.004755081
1.2950789845594916E7	4862321.494755081
1.2950785765594916E7	4862318.824755081
1.2950788335594917E7	4862312.034755081
1.2950786265594916E7	4862313.73475508
1.2950785065594917E7	4862316.534755081
1.2950785675594917E7	4862317.22475508
1.2950788155594917E7	4862312.714755081
1.2950790125594916E7	4862319.77475508
1.2950788255594917E7	4862312.634755081
1.2950786615594916E7	4862314.18475508
1.2950785825594917E7	4862314.36475508
1.2950787075594917E7	4862313.39475508
1.2950786135594916E7	4862314.204755081
1.2950786135594916E7	4862318.204755081
1.2950785045594916E7	4862318.254755081
1.2950786545594916E7	4862319.704755081
1.2950785855594916E7	4862316.874755081
1.2950785055594917E7	4862317.414755081
1.2950785725594917E7	4862316.43475508
1.2950785055594917E7	4862317.35475508
1.2950785745594917E7	4862317.834755081
1.2950787305594917E7	4862317.034755081
1.2950787265594916E7	4862312.27475508
1.2950785045594916E7	4862318.44475508
1.2950786575594917E7	4862313.76475508
1.2950788085594917E7	4862312.084755081
1.2950788875594916E7	4862320.794755081
1.2950787265594916E7	4862313.44475508
1.2950785045594916E7	4862318.414755081
1.2950787925594917E7	4862312.714755081
1.2950787525594916E7	4862314.56475508
1.2950787025594916E7	4862319.164755081
1.2950788455594916E7	4862319.924755081
1.2950790375594916E7	4862321.464755081
1.2950787665594917E7	4862314.584755081
1.2950788125594916E7	4862312.61475508
1.2950790415594917E7	4862321.464755081
1.2950785075594917E7	4862315.97475508
1.2950785045594916E7	4862318.8447550805
1.2950785665594917E7	4862316.36475508
1.2950787045594916E7	4862319.3447550805
1.2950790035594916E7	4862321.48475508
1.2950788045594916E7	4862312.0947550805
1.2950786035594916E7	4862313.744755081
1.2950789155594917E7	4862319.244755081
1.2950786615594916E7	4862313.97475508
1.2950785055594917E7	4862317.884755081
1.2950791345594916E7	4862319.76475508
1.2950788605594916E7	4862319.034755081
1.2950787945594916E7	4862314.994755081
1.2950788035594916E7	4862312.664755081
1.2950787155594917E7	4862318.504755081
1.2950789145594917E7	4862312.48475508
1.2950785895594917E7	4862316.784755081
1.2950788005594917E7	4862312.5947550805
1.2950788265594916E7	4862320.214755081
1.2950790025594916E7	4862321.48475508
1.2950786135594916E7	4862318.48475508
1.2950785835594917E7	4862315.98475508
1.2950791265594916E7	4862319.704755081
1.2950785055594917E7	4862317.76475508
1.2950786365594916E7	4862312.48475508
1.2950786175594917E7	4862313.85475508
1.2950791435594916E7	4862318.89475508
1.2950787505594917E7	4862313.94475508
1.2950787855594916E7	4862312.14475508
1.2950785725594917E7	4862316.8447550805
1.2950785045594916E7	4862318.174755081
1.2950785055594917E7	4862317.44475508
1.2950789875594916E7	4862321.494755081
1.2950786605594916E7	4862315.204755081
1.2950786835594917E7	4862315.0947550805
1.2950785075594917E7	4862316.084755081
1.2950789955594916E7	4862321.494755081
1.2950786335594917E7	4862313.884755081
1.2950789185594916E7	4862320.914755081
1.2950785065594917E7	4862317.254755081
1.2950785835594917E7	4862316.10475508
1.2950789265594916E7	4862320.744755081
1.2950787485594917E7	4862312.64475508
1.2950790705594916E7	4862320.494755081
1.2950786025594916E7	4862317.93475508
1.2950788035594916E7	4862312.634755081
1.2950785485594917E7	4862315.714755081
1.2950787185594916E7	4862312.754755081
1.2950786775594916E7	4862313.134755081
1.2950785675594917E7	4862317.98475508
1.2950788685594916E7	4862320.18475508
1.2950789745594917E7	4862320.664755081
1.2950786025594916E7	4862317.81475508
1.2950785675594917E7	4862317.89475508
1.2950785635594916E7	4862316.004755081
1.2950786215594916E7	4862313.164755081
1.2950787835594917E7	4862312.954755081
1.2950787915594917E7	4862319.214755081
1.2950785615594916E7	4862317.48475508
1.2950789055594917E7	4862311.86475508
1.2950787835594917E7	4862318.954755081
1.2950786185594916E7	4862317.94475508
1.2950788105594916E7	4862312.834755081
1.2950785055594917E7	4862317.5547550805
1.2950788455594916E7	4862315.8047550805
1.2950786025594916E7	4862316.634755081
1.2950785065594917E7	4862316.89475508
1.2950785715594916E7	4862318.23475508
1.2950786165594917E7	4862316.23475508
1.2950785675594917E7	4862316.68475508
1.2950785055594917E7	4862318.004755081
1.2950785045594916E7	4862318.43475508
1.2950788115594916E7	4862312.084755081
1.2950787585594917E7	4862312.204755081
1.2950786575594917E7	4862313.824755081
1.2950787235594917E7	4862312.68475508
1.2950788685594916E7	4862311.954755081
1.2950785675594917E7	4862315.85475508
1.2950786565594917E7	4862317.52475508
1.2950785065594917E7	4862317.244755081
1.2950785805594917E7	4862318.18475508
1.2950785065594917E7	4862317.174755081
1.2950789445594916E7	4862313.034755081
1.2950787925594917E7	4862312.124755081
1.2950785045594916E7	4862318.22475508
1.2950785675594917E7	4862317.254755081
1.2950790075594917E7	4862321.48475508
1.2950788575594917E7	4862319.31475508
1.2950789595594916E7	4862311.744755081
1.2950786865594916E7	4862313.294755081
1.2950786015594916E7	4862317.22475508
1.2950785065594917E7	4862316.624755081
1.2950785735594917E7	4862313.584755081
1.2950787995594917E7	4862313.004755081
1.2950786165594917E7	4862319.204755081
1.2950785055594917E7	4862318.044755081
1.2950788455594916E7	4862315.68475508
1.2950785745594917E7	4862315.494755081
1.2950785065594917E7	4862316.914755081
1.2950786185594916E7	4862317.89475508
1.2950789145594917E7	4862311.8447550805
1.2950785055594917E7	4862317.48475508
1.2950786405594917E7	4862318.81475508
1.2950785665594917E7	4862315.624755081
1.2950786015594916E7	4862318.61475508
1.2950788395594917E7	4862318.90475508
1.2950787675594917E7	4862315.39475508
1.2950789765594916E7	4862321.504755081
1.2950786025594916E7	4862316.81475508
1.2950789605594916E7	4862319.85475508
1.2950788495594917E7	4862311.994755081
1.2950785065594917E7	4862317.23475508
1.2950788525594916E7	4862312.73475508
1.2950789995594917E7	4862321.48475508
1.2950788385594916E7	4862312.85475508
1.2950785065594917E7	4862316.704755081
1.2950786635594916E7	4862314.69475508
1.2950785065594917E7	4862316.40475508
1.2950786165594917E7	4862316.02475508
1.2950786645594917E7	4862314.294755081
1.2950786655594917E7	4862312.754755081
1.2950789795594916E7	4862318.94475508
1.2950785055594917E7	4862317.47475508
1.2950788445594916E7	4862317.97475508
1.2950788505594917E7	4862312.744755081
1.2950787675594917E7	4862312.18475508
1.2950788885594916E7	4862319.86475508
1.2950787885594916E7	4862319.11475508
1.2950791365594916E7	4862321.414755081
1.2950785055594917E7	4862317.374755081
1.2950785615594916E7	4862317.544755081
1.2950787945594916E7	4862320.004755081
1.2950785065594917E7	4862316.85475508
1.2950785525594916E7	4862314.834755081
1.2950788705594916E7	4862311.94475508
1.2950787325594917E7	4862314.744755081
1.2950791165594917E7	4862321.424755081
1.2950785055594917E7	4862317.784755081
1.2950785815594917E7	4862317.624755081
1.2950785875594916E7	4862318.26475508
1.2950785055594917E7	4862317.824755081
1.2950788035594916E7	4862311.8047550805
1.2950786265594916E7	4862314.784755081
1.2950788075594917E7	4862312.8447550805
1.2950789275594916E7	4862317.994755081
1.2950785665594917E7	4862316.424755081
1.2950789735594917E7	4862320.60475508
1.2950787165594917E7	4862312.294755081
1.2950785075594917E7	4862316.284755081
1.2950785075594917E7	4862316.334755081
1.2950785745594917E7	4862317.77475508
1.2950785045594916E7	4862318.424755081
1.2950786065594917E7	4862317.534755081
1.2950791405594917E7	4862321.414755081
1.2950785055594917E7	4862317.464755081
1.2950788065594917E7	4862313.584755081
1.2950790185594916E7	4862321.47475508
1.2950788775594916E7	4862314.76475508
1.2950789585594917E7	4862312.494755081
1.2950785065594917E7	4862316.52475508
1.2950787155594917E7	4862318.47475508
1.2950788765594916E7	4862311.93475508
1.2950786085594917E7	4862314.454755081
1.2950787875594916E7	4862311.834755081
1.2950789495594917E7	4862320.73475508
1.2950788495594917E7	4862319.914755081
1.2950785055594917E7	4862317.494755081
1.2950785075594917E7	4862316.324755081
1.2950785065594917E7	4862316.61475508
1.2950787445594916E7	4862312.23475508
1.2950788195594916E7	4862312.674755081
1.2950790225594917E7	4862321.47475508
1.2950786105594916E7	4862313.56475508
1.2950787205594916E7	4862313.464755081
1.2950787875594916E7	4862312.134755081
1.2950786685594916E7	4862316.94475508
1.2950785045594916E7	4862318.3047550805
1.2950785665594917E7	4862316.334755081
1.2950785865594916E7	4862313.584755081
1.2950786015594916E7	4862318.43475508
1.2950785075594917E7	4862316.22475508
1.2950785805594917E7	4862318.15475508
1.2950785075594917E7	4862315.94475508
1.2950790345594916E7	4862321.464755081
1.2950786645594917E7	4862314.454755081
1.2950785055594917E7	4862317.954755081
1.2950787105594916E7	4862312.674755081
1.2950785485594917E7	4862314.01475508
1.2950785045594916E7	4862318.164755081
1.2950785045594916E7	4862318.284755081
1.2950785045594916E7	4862318.19475508
1.2950787845594916E7	4862312.14475508
1.2950785665594917E7	4862317.754755081
1.2950786695594916E7	4862313.31475508
1.2950785075594917E7	4862316.31475508
1.2950786805594917E7	4862318.324755081
1.2950789355594916E7	4862311.794755081
1.2950786845594916E7	4862314.23475508
1.2950789325594917E7	4862321.52475508
1.2950786535594916E7	4862313.214755081
1.2950786965594916E7	4862312.3447550805
1.2950785835594917E7	4862316.134755081
1.2950789655594917E7	4862319.02475508
1.2950785065594917E7	4862317.0947550805
1.2950786065594917E7	4862317.8447550805
1.2950786055594917E7	4862317.214755081
1.2950788585594917E7	4862313.414755081
1.2950788065594917E7	4862312.584755081
1.2950788185594916E7	4862313.97475508
1.2950786995594917E7	4862313.334755081
1.2950788265594916E7	4862312.044755081
1.2950785655594917E7	4862316.94475508
1.2950787035594916E7	4862312.704755081
1.2950785045594916E7	4862318.64475508
1.2950787875594916E7	4862312.834755081
1.2950785055594917E7	4862317.584755081
1.2950785735594917E7	4862318.18475508
1.2950788695594916E7	4862319.3047550805
1.2950785655594917E7	4862316.85475508
1.2950790975594917E7	4862319.77475508
1.2950787805594917E7	4862318.73475508
1.2950785055594917E7	4862317.51475508
1.2950786185594916E7	4862317.574755081
1.2950788225594917E7	4862312.64475508
1.2950786925594917E7	4862313.26475508
1.2950786055594917E7	4862317.244755081
1.2950787305594917E7	4862316.504755081
1.2950785045594916E7	4862318.36475508
1.2950787045594916E7	4862318.86475508
1.2950789385594916E7	4862320.76475508
1.2950789925594917E7	4862321.494755081
1.2950786795594916E7	4862313.77475508
1.2950787925594917E7	4862313.02475508
1.2950785665594917E7	4862315.47475508
1.2950785055594917E7	4862317.634755081
1.2950789325594917E7	4862312.5547550805
1.2950789045594916E7	4862312.624755081
1.2950785065594917E7	4862316.794755081
1.2950786235594917E7	4862313.164755081
1.2950785085594917E7	4862314.874755081
1.2950785045594916E7	4862318.5947550805
1.2950785085594917E7	4862314.98475508
1.2950788415594917E7	4862312.01475508
1.2950788905594917E7	4862320.874755081
1.2950789495594917E7	4862320.874755081
1.2950787565594917E7	4862313.26475508
1.2950786835594917E7	4862314.664755081
1.2950785895594917E7	4862316.5547550805
1.2950789125594916E7	4862311.85475508
1.2950787375594916E7	4862315.31475508
1.2950786905594917E7	4862319.48475508
1.2950789115594916E7	4862319.214755081
1.2950785475594917E7	4862315.954755081
1.2950790865594916E7	4862320.60475508
1.2950789725594917E7	4862321.504755081
1.2950788105594916E7	4862319.94475508
1.2950785755594917E7	4862315.18475508
1.2950785835594917E7	4862318.794755081
1.2950785875594916E7	4862318.14475508
1.2950785915594917E7	4862314.19475508
1.2950785055594917E7	4862318.10475508
1.2950785985594917E7	4862318.14475508
1.2950786005594917E7	4862316.51475508
1.2950790165594917E7	4862320.72475508
1.2950785905594917E7	4862315.454755081
1.2950786125594916E7	4862319.084755081
1.2950789635594916E7	4862316.754755081
1.2950785995594917E7	4862317.01475508
1.2950790305594917E7	4862321.47475508
1.2950789935594916E7	4862321.494755081
1.2950789735594917E7	4862320.754755081
1.2950789805594917E7	4862321.494755081
1.2950788725594917E7	4862321.02475508
1.2950788095594916E7	4862312.624755081
1.2950788575594917E7	4862311.97475508
1.2950790165594917E7	4862320.664755081
1.2950791675594917E7	4862318.634755081
1.2950785055594917E7	4862317.3047550805
1.2950785065594917E7	4862316.56475508
1.2950790775594916E7	4862321.44475508
1.2950788065594917E7	4862312.624755081
1.2950785055594917E7	4862317.56475508
1.2950786055594917E7	4862316.68475508
1.2950785055594917E7	4862317.93475508
1.2950787495594917E7	4862312.81475508
1.2950787005594917E7	4862313.15475508
1.2950788865594916E7	4862320.884755081
1.2950788465594916E7	4862312.004755081
1.2950791455594916E7	4862319.69475508
1.2950785765594916E7	4862319.02475508
1.2950789615594916E7	4862315.754755081
1.2950787075594917E7	4862318.204755081
1.2950785475594917E7	4862315.86475508
1.2950790095594916E7	4862314.23475508
1.2950787945594916E7	4862320.31475508
1.2950788125594916E7	4862312.544755081
1.2950785065594917E7	4862317.26475508
1.2950786535594916E7	4862313.204755081
1.2950788215594916E7	4862312.754755081
1.2950786785594916E7	4862313.97475508
1.2950785995594917E7	4862316.86475508
1.2950785735594917E7	4862318.214755081
1.2950785685594916E7	4862317.35475508
1.2950785765594916E7	4862319.044755081
1.2950786825594917E7	4862317.26475508
1.2950787215594916E7	4862319.174755081
1.2950785065594917E7	4862317.14475508
1.2950787135594916E7	4862312.64475508
1.2950787565594917E7	4862313.22475508
1.2950788905594917E7	4862320.76475508
1.2950787905594917E7	4862320.01475508
1.2950787695594916E7	4862312.174755081
1.2950785055594917E7	4862317.754755081
1.2950786735594917E7	4862314.8047550805
1.2950789055594917E7	4862318.754755081
1.2950785525594916E7	4862314.23475508
1.2950789075594917E7	4862319.68475508
1.2950790455594916E7	4862321.464755081
1.2950786165594917E7	4862315.76475508
1.2950786635594916E7	4862312.76475508
1.2950788565594917E7	4862311.97475508
1.2950788415594917E7	4862312.624755081
1.2950785055594917E7	4862317.794755081
1.2950785875594916E7	4862318.174755081
1.2950785055594917E7	4862318.11475508
1.2950785735594917E7	4862316.924755081
1.2950785055594917E7	4862317.73475508
1.2950786915594917E7	4862312.714755081
1.2950785675594917E7	4862318.134755081
1.2950787105594916E7	4862318.834755081
1.2950786695594916E7	4862312.744755081
1.2950786215594916E7	4862318.414755081
1.2950785675594917E7	4862318.15475508
1.2950785735594917E7	4862316.754755081
1.2950785475594917E7	4862315.97475508
1.2950787785594916E7	4862312.574755081
1.2950786605594916E7	4862315.174755081
1.2950788165594917E7	4862312.90475508
1.2950790265594916E7	4862321.47475508
1.2950785055594917E7	4862317.52475508
1.2950789005594917E7	4862320.73475508
1.2950789575594917E7	4862320.81475508
1.2950788195594916E7	4862318.43475508
1.2950789815594917E7	4862320.744755081
1.2950787365594916E7	4862312.674755081
1.2950789315594917E7	4862315.27475508
1.2950785845594916E7	4862314.68475508
1.2950789955594916E7	4862321.48475508
1.2950786475594917E7	4862318.68475508
1.2950789295594916E7	4862312.454755081
1.2950788525594916E7	4862313.5547550805
1.2950789815594917E7	4862319.0547550805
1.2950785055594917E7	4862318.034755081
1.2950787205594916E7	4862312.294755081
1.2950791215594916E7	4862320.634755081
1.2950785615594916E7	4862317.60475508
1.2950785065594917E7	4862316.494755081
1.2950787775594916E7	4862314.47475508
1.2950789085594917E7	4862311.85475508
1.2950789545594916E7	4862320.674755081
1.2950785085594917E7	4862314.85475508
1.2950787105594916E7	4862318.954755081
1.2950785075594917E7	4862316.11475508
1.2950785665594917E7	4862317.634755081
1.2950785595594916E7	4862314.174755081
1.2950786905594917E7	4862313.26475508
1.2950786785594916E7	4862312.784755081
1.2950785075594917E7	4862316.294755081
1.2950785065594917E7	4862316.65475508
1.2950787635594916E7	4862312.19475508
1.2950787995594917E7	4862313.68475508
1.2950788005594917E7	4862312.69475508
1.2950785575594917E7	4862314.374755081
1.2950787555594917E7	4862312.584755081
1.2950792115594916E7	4862319.61475508
1.2950788655594917E7	4862319.56475508
1.2950787865594916E7	4862312.51475508
1.2950788385594916E7	4862312.60475508
1.2950786115594916E7	4862314.11475508
1.2950785575594917E7	4862314.3047550805
1.2950786095594916E7	4862318.51475508
1.2950785065594917E7	4862316.454755081
1.2950785445594916E7	4862314.084755081
1.2950786715594916E7	4862313.52475508
1.2950791515594916E7	4862318.94475508
1.2950786255594917E7	4862317.97475508
1.2950790655594917E7	4862321.454755081
1.2950785765594916E7	4862318.714755081
1.2950789025594916E7	4862311.874755081
1.2950787235594917E7	4862313.454755081
1.2950785055594917E7	4862317.72475508
1.2950789635594916E7	4862316.784755081
1.2950785805594917E7	4862317.884755081
1.2950786005594917E7	4862316.254755081
1.2950786145594917E7	4862317.93475508
1.2950785065594917E7	4862316.47475508
1.2950788455594916E7	4862313.914755081
1.2950787225594917E7	4862312.284755081
1.2950785765594916E7	4862318.93475508
1.2950787345594916E7	4862313.254755081
1.2950787935594916E7	4862314.034755081
1.2950786055594917E7	4862314.494755081
1.2950785065594917E7	4862316.36475508
1.2950787445594916E7	4862312.794755081
1.2950785055594917E7	4862317.744755081
1.2950789085594917E7	4862311.86475508
1.2950785055594917E7	4862317.90475508
1.2950786425594917E7	4862317.31475508
1.2950785835594917E7	4862318.76475508
1.2950787235594917E7	4862312.284755081
1.2950787205594916E7	4862318.15475508
1.2950786005594917E7	4862316.574755081
1.2950788925594917E7	4862311.89475508
1.2950788595594916E7	4862313.544755081
1.2950785045594916E7	4862318.52475508
1.2950785655594917E7	4862316.914755081
1.2950789185594916E7	4862311.834755081
1.2950786005594917E7	4862316.68475508
1.2950787785594916E7	4862314.084755081
1.2950788575594917E7	4862320.004755081
1.2950789455594916E7	4862320.73475508
1.2950787345594916E7	4862312.5947550805
1.2950785065594917E7	4862316.584755081
1.2950785755594917E7	4862315.26475508
1.2950786595594916E7	4862313.73475508
1.2950789365594916E7	4862312.43475508
1.2950785575594917E7	4862314.36475508
1.2950786185594916E7	4862313.98475508
1.2950789575594917E7	4862319.8447550805
1.2950785065594917E7	4862317.034755081
1.2950785665594917E7	4862315.31475508
1.2950786465594916E7	4862317.44475508
1.2950790575594917E7	4862321.454755081
1.2950787405594917E7	4862313.964755081
1.2950785825594917E7	4862316.414755081
1.2950785785594916E7	4862313.544755081
1.2950785745594917E7	4862317.86475508
1.2950787125594916E7	4862312.3047550805
1.2950787665594917E7	4862314.504755081
1.2950789015594916E7	4862311.874755081
1.2950788835594917E7	4862311.914755081
1.2950788395594917E7	4862312.01475508
1.2950787095594916E7	4862319.334755081
1.2950785615594916E7	4862317.664755081
1.2950785825594917E7	4862314.23475508
1.2950787245594917E7	4862313.3047550805
1.2950785065594917E7	4862316.8447550805
1.2950788835594917E7	4862320.794755081
1.2950789155594917E7	4862311.8447550805
1.2950787775594916E7	4862313.65475508
1.2950785605594916E7	4862317.914755081
1.2950788445594916E7	4862312.61475508
1.2950788555594917E7	4862311.98475508
1.2950786145594917E7	4862318.02475508
1.2950788225594917E7	4862320.074755081
1.2950785065594917E7	4862316.824755081
1.2950789105594916E7	4862312.60475508
1.2950786175594917E7	4862318.56475508
1.2950789285594916E7	4862313.074755081
1.2950787565594917E7	4862313.19475508
1.2950789465594916E7	4862317.77475508
1.2950786255594917E7	4862318.034755081
1.2950787055594917E7	4862312.704755081
1.2950788455594916E7	4862316.384755081
1.2950788665594917E7	4862311.954755081
1.2950787155594917E7	4862318.874755081
1.2950786655594917E7	4862316.664755081
1.2950787325594917E7	4862312.26475508
1.2950790205594916E7	4862319.76475508
1.2950786705594916E7	4862317.284755081
1.2950785055594917E7	4862317.8447550805
1.2950789395594917E7	4862312.424755081
1.2950787975594917E7	4862312.60475508
1.2950787295594916E7	4862316.5947550805
1.2950785055594917E7	4862317.26475508
1.2950788055594917E7	4862317.994755081
1.2950789615594916E7	4862318.81475508
1.2950786905594917E7	4862313.0947550805
1.2950789535594916E7	4862319.8447550805
1.2950785045594916E7	4862318.51475508
1.2950787305594917E7	4862316.43475508
1.2950785045594916E7	4862318.334755081
1.2950787965594916E7	4862319.044755081
1.2950788795594916E7	4862311.924755081
1.2950787305594917E7	4862316.914755081
1.2950788215594916E7	4862312.0547550805
1.2950788285594916E7	4862312.884755081
1.2950789575594917E7	4862320.754755081
1.2950787345594916E7	4862313.18475508
1.2950787905594917E7	4862312.134755081
1.2950788615594916E7	4862319.914755081
1.2950788915594917E7	4862320.174755081
1.2950785085594917E7	4862314.89475508
1.2950788695594916E7	4862319.964755081
1.2950787325594917E7	4862313.284755081
1.2950786685594916E7	4862316.914755081
1.2950785055594917E7	4862317.85475508
1.2950788175594917E7	4862312.06475508
1.2950785055594917E7	4862317.914755081
1.2950786425594917E7	4862317.68475508
1.2950785045594916E7	4862318.61475508
1.2950785975594917E7	4862319.214755081
1.2950787235594917E7	4862313.73475508
1.2950786645594917E7	4862316.86475508
1.2950787215594916E7	4862319.374755081
1.2950788095594916E7	4862313.65475508
1.2950786905594917E7	4862318.22475508
1.2950785095594916E7	4862314.40475508
1.2950786265594916E7	4862317.65475508
1.2950785055594917E7	4862317.384755081
1.2950788425594917E7	4862313.584755081
1.2950785665594917E7	4862315.584755081
1.2950786975594917E7	4862313.39475508
1.2950785045594916E7	4862318.714755081
1.2950786105594916E7	4862313.624755081
1.2950785085594917E7	4862314.73475508
1.2950785685594916E7	4862317.534755081
1.2950785045594916E7	4862318.244755081
1.2950786595594916E7	4862315.254755081
1.2950785675594917E7	4862318.18475508
1.2950788095594916E7	4862312.574755081
1.2950786715594916E7	4862314.15475508
1.2950785055594917E7	4862317.504755081
1.2950787215594916E7	4862318.254755081
1.2950785065594917E7	4862316.39475508
1.2950785055594917E7	4862317.39475508
1.2950787595594916E7	4862312.64475508
1.2950788685594916E7	4862319.77475508
1.2950787485594917E7	4862313.374755081
1.2950786065594917E7	4862316.65475508
1.2950787915594917E7	4862312.61475508
1.2950787995594917E7	4862312.64475508
1.2950785845594916E7	4862314.754755081
1.2950787965594916E7	4862313.39475508
1.2950787955594916E7	4862311.824755081
1.2950785065594917E7	4862316.73475508
1.2950787065594917E7	4862313.68475508
1.2950785075594917E7	4862316.23475508
1.2950787995594917E7	4862319.8047550805
1.2950787505594917E7	4862318.3047550805
1.2950788155594917E7	4862312.074755081
1.2950785065594917E7	4862316.674755081
1.2950787965594916E7	4862312.834755081
1.2950788205594916E7	4862313.794755081
1.2950787155594917E7	4862318.44475508
1.2950788075594917E7	4862314.004755081
1.2950787185594916E7	4862312.294755081
1.2950786205594916E7	4862315.8447550805
1.2950790855594916E7	4862319.61475508
1.2950785055594917E7	4862317.81475508
1.2950785055594917E7	4862317.68475508
1.2950788615594916E7	4862311.964755081
1.2950789815594917E7	4862321.494755081
1.2950785675594917E7	4862318.36475508
1.2950785075594917E7	4862316.02475508
1.2950785965594916E7	4862314.244755081
1.2950787355594916E7	4862318.124755081
1.2950790005594917E7	4862320.73475508
1.2950786345594916E7	4862317.824755081
1.2950786595594916E7	4862313.19475508
1.2950786765594916E7	4862312.754755081
1.2950790425594917E7	4862321.464755081
1.2950790615594916E7	4862321.454755081
1.2950787375594916E7	4862315.19475508
1.2950785055594917E7	4862318.0547550805
1.2950787555594917E7	4862312.634755081
1.2950787125594916E7	4862312.704755081
1.2950786645594917E7	4862314.02475508
1.2950788495594917E7	4862313.674755081
1.2950785065594917E7	4862316.94475508
1.2950787315594917E7	4862317.68475508
1.2950787235594917E7	4862313.18475508
1.2950785065594917E7	4862317.204755081
1.2950786185594916E7	4862317.11475508
1.2950787345594916E7	4862312.65475508
1.2950788065594917E7	4862318.98475508
1.2950787065594917E7	4862313.704755081
1.2950787825594917E7	4862313.634755081
1.2950787335594917E7	4862312.26475508
1.2950788375594916E7	4862319.98475508
1.2950791045594916E7	4862321.43475508
1.2950787915594917E7	4862319.47475508
1.2950786255594917E7	4862318.72475508
1.2950789275594916E7	4862311.81475508
1.2950785765594916E7	4862318.794755081
1.2950788875594916E7	4862311.90475508
1.2950785525594916E7	4862314.334755081
1.2950785675594917E7	4862318.0947550805
1.2950788505594917E7	4862313.56475508
1.2950787765594916E7	4862312.164755081
1.2950785055594917E7	4862317.874755081
1.2950786055594917E7	4862316.624755081
1.2950788775594916E7	4862311.93475508
1.2950785475594917E7	4862316.004755081
1.2950786185594916E7	4862317.544755081
1.2950790535594916E7	4862321.454755081
1.2950787115594916E7	4862312.31475508
1.2950785085594917E7	4862314.90475508
1.2950785055594917E7	4862317.324755081
1.2950785065594917E7	4862316.744755081
1.2950789085594917E7	4862319.244755081
1.2950787535594916E7	4862314.61475508
1.2950786485594917E7	4862318.454755081
1.2950785725594917E7	4862316.5547550805
1.2950787045594916E7	4862319.204755081
1.2950786735594917E7	4862314.834755081
1.2950789655594917E7	4862312.5947550805
1.2950786175594917E7	4862318.874755081
1.2950791105594916E7	4862319.77475508
1.2950786665594917E7	4862315.534755081
1.2950788065594917E7	4862320.004755081
1.2950790295594916E7	4862321.47475508
1.2950789895594917E7	4862321.494755081
1.2950785065594917E7	4862317.124755081
1.2950786065594917E7	4862317.874755081
1.2950786255594917E7	4862318.504755081
1.2950789885594916E7	4862321.494755081
1.2950785055594917E7	4862317.98475508
1.2950788495594917E7	4862319.574755081
1.2950785055594917E7	4862317.674755081
1.2950785055594917E7	4862317.544755081
1.2950789745594917E7	4862313.44475508
1.2950785735594917E7	4862314.414755081
1.2950789735594917E7	4862321.504755081
1.2950787515594916E7	4862312.214755081
1.2950786425594917E7	4862317.464755081
1.2950787195594916E7	4862312.634755081
1.2950787305594917E7	4862316.97475508
1.2950790015594916E7	4862315.11475508
1.2950785735594917E7	4862316.86475508
1.2950788835594917E7	4862320.174755081
1.2950787405594917E7	4862312.624755081
1.2950789965594916E7	4862320.73475508
1.2950786405594917E7	4862318.784755081
1.2950787225594917E7	4862320.27475508
1.2950785065594917E7	4862316.574755081
1.2950785845594916E7	4862314.914755081
1.2950786175594917E7	4862318.134755081
1.2950789195594916E7	4862320.204755081
1.2950786615594916E7	4862314.01475508
1.2950790085594917E7	4862320.744755081
1.2950789195594916E7	4862317.994755081
1.2950790335594917E7	4862321.464755081
1.2950789255594917E7	4862311.824755081
1.2950788255594917E7	4862312.664755081
1.2950786025594916E7	4862318.164755081
1.2950785085594917E7	4862315.0947550805
1.2950785995594917E7	4862316.77475508
1.2950786025594916E7	4862316.86475508
1.2950786985594917E7	4862313.3447550805
1.2950788125594916E7	4862312.8047550805
1.2950790545594916E7	4862321.454755081
1.2950785075594917E7	4862316.14475508
1.2950787995594917E7	4862313.384755081
1.2950787375594916E7	4862315.43475508
1.2950786105594916E7	4862314.94475508
1.2950789635594916E7	4862320.674755081
1.2950787225594917E7	4862320.3047550805
1.2950785065594917E7	4862317.0547550805
1.2950785825594917E7	4862316.704755081
1.2950785065594917E7	4862316.5947550805
1.2950789165594917E7	4862312.73475508
1.2950786715594916E7	4862314.44475508
1.2950787475594917E7	4862313.624755081
1.2950785595594916E7	4862314.134755081
1.2950787395594917E7	4862313.01475508
1.2950786265594916E7	4862317.51475508
1.2950788005594917E7	4862318.93475508
1.2950786705594916E7	4862317.52475508
1.2950788595594916E7	4862313.47475508
1.2950786885594916E7	4862314.044755081
1.2950785065594917E7	4862317.02475508
1.2950787975594917E7	4862312.11475508
1.2950785665594917E7	4862315.3047550805
1.2950787185594916E7	4862316.48475508
1.2950785055594917E7	4862317.964755081
1.2950788865594916E7	4862311.914755081
1.2950785565594917E7	4862314.674755081
1.2950788065594917E7	4862313.534755081
1.2950790065594917E7	4862321.48475508
1.2950789685594916E7	4862318.744755081
1.2950785835594917E7	4862318.874755081
1.2950788415594917E7	4862318.074755081
1.2950785065594917E7	4862317.11475508
1.2950788765594916E7	4862313.43475508
1.2950786135594916E7	4862318.76475508
1.2950788295594916E7	4862312.624755081
1.2950790705594916E7	4862315.534755081
1.2950788515594916E7	4862313.90475508
1.2950785065594917E7	4862316.884755081
1.2950788165594917E7	4862312.714755081
1.2950787625594916E7	4862312.19475508
1.2950786595594916E7	4862315.51475508
1.2950790815594917E7	4862321.44475508
1.2950788335594917E7	4862319.584755081
1.2950788735594917E7	4862311.94475508
1.2950790465594916E7	4862321.464755081
1.2950785735594917E7	4862316.69475508
1.2950788125594916E7	4862312.714755081
1.2950790235594917E7	4862319.73475508
1.2950789045594916E7	4862311.86475508
1.2950786445594916E7	4862316.174755081
1.2950789105594916E7	4862311.85475508
1.2950787805594917E7	4862312.15475508
1.2950786645594917E7	4862314.64475508
1.2950789465594916E7	4862313.034755081
1.2950788745594917E7	4862313.39475508
1.2950788095594916E7	4862320.0547550805
1.2950788155594917E7	4862312.76475508
1.2950786905594917E7	4862318.31475508
1.2950787595594916E7	4862312.81475508
1.2950785055594917E7	4862318.134755081
1.2950786385594916E7	4862314.01475508
1.2950789115594916E7	4862320.754755081
1.2950787075594917E7	4862314.15475508
1.2950789015594916E7	4862312.624755081
1.2950787565594917E7	4862312.76475508
1.2950785045594916E7	4862318.504755081
1.2950785065594917E7	4862316.714755081
1.2950785055594917E7	4862317.60475508
1.2950787075594917E7	4862312.31475508
1.2950791375594916E7	4862319.754755081
1.2950785745594917E7	4862317.714755081
1.2950788345594916E7	4862313.704755081
1.2950789145594917E7	4862320.72475508
1.2950790145594917E7	4862321.47475508
1.2950790835594917E7	4862317.8447550805
1.2950785665594917E7	4862315.44475508
1.2950786325594917E7	4862314.77475508
1.2950786165594917E7	4862316.43475508
1.2950786135594916E7	4862318.624755081
1.2950788435594916E7	4862312.004755081
1.2950788345594916E7	4862312.61475508
1.2950786155594917E7	4862314.504755081
1.2950786595594916E7	4862312.77475508
1.2950786005594917E7	4862316.664755081
1.2950785795594916E7	4862318.65475508
1.2950786565594917E7	4862313.93475508
1.2950787465594916E7	4862314.574755081
1.2950785825594917E7	4862316.47475508
1.2950788735594917E7	4862311.93475508
1.2950787795594916E7	4862313.0547550805
1.2950785055594917E7	4862318.084755081
1.2950787415594917E7	4862312.324755081
1.2950790735594917E7	4862321.44475508
1.2950788185594916E7	4862312.06475508
1.2950789305594917E7	4862320.68475508
1.2950786615594916E7	4862314.11475508
