1.2950788395594917E7	4862320.06475508
1.2950785725594917E7	4862319.44475508
1.2950787465594916E7	4862320.52475508
1.2950788245594917E7	4862321.02475508
1.2950785755594917E7	4862319.784755081
1.2950787605594916E7	4862320.574755081
1.2950788085594917E7	4862321.0547550805
1.2950788105594916E7	4862320.97475508
1.2950785035594916E7	4862319.284755081
1.2950787285594916E7	4862320.584755081
1.2950789805594917E7	4862321.494755081
1.2950785515594916E7	4862319.14475508
1.2950788645594917E7	4862320.884755081
1.2950785045594916E7	4862318.60475508
1.2950788665594917E7	4862320.824755081
1.2950785695594916E7	4862318.824755081
1.2950786715594916E7	4862319.90475508
1.2950788205594916E7	4862321.02475508
1.2950787805594917E7	4862321.074755081
1.2950785055594917E7	4862317.56475508
1.2950785055594917E7	4862317.93475508
1.2950787705594916E7	4862321.174755081
1.2950785035594916E7	4862319.214755081
1.2950785055594917E7	4862317.64475508
1.2950787495594917E7	4862320.60475508
1.2950786755594917E7	4862319.464755081
1.2950785035594916E7	4862319.19475508
1.2950787645594917E7	4862319.90475508
1.2950787735594917E7	4862320.574755081
1.2950786655594917E7	4862319.0947550805
1.2950787445594916E7	4862319.10475508
1.2950786345594916E7	4862320.10475508
1.2950788035594916E7	4862321.0547550805
1.2950785655594917E7	4862319.924755081
1.2950785905594917E7	4862319.01475508
1.2950788715594916E7	4862320.97475508
1.2950788125594916E7	4862319.884755081
1.2950788605594916E7	4862320.824755081
1.2950785755594917E7	4862319.494755081
1.2950786925594917E7	4862320.5547550805
1.2950788675594917E7	4862320.884755081
1.2950786535594916E7	4862315.48475508
1.2950789105594916E7	4862321.534755081
1.2950788485594917E7	4862319.634755081
1.2950788475594917E7	4862320.18475508
1.2950786515594916E7	4862318.18475508
1.2950786545594916E7	4862319.98475508
1.2950785055594917E7	4862318.14475508
1.2950787735594917E7	4862321.074755081
1.2950786535594916E7	4862320.01475508
1.2950786895594917E7	4862319.89475508
1.2950788335594917E7	4862319.76475508
1.2950788765594916E7	4862320.964755081
1.2950785045594916E7	4862318.68475508
1.2950785975594917E7	4862318.584755081
1.2950785755594917E7	4862319.924755081
1.2950786795594916E7	4862319.874755081
1.2950785055594917E7	4862317.794755081
1.2950785545594916E7	4862319.8047550805
1.2950785055594917E7	4862317.534755081
1.2950788685594916E7	4862318.924755081
1.2950785055594917E7	4862318.11475508
1.2950785995594917E7	4862317.36475508
1.2950786645594917E7	4862319.77475508
1.2950786005594917E7	4862319.60475508
1.2950786405594917E7	4862320.124755081
1.2950785045594916E7	4862318.47475508
1.2950785055594917E7	4862317.73475508
1.2950786105594916E7	4862319.164755081
1.2950785755594917E7	4862319.544755081
1.2950785685594916E7	4862318.48475508
1.2950785035594916E7	4862319.0947550805
1.2950788545594916E7	4862321.034755081
1.2950786345594916E7	4862320.074755081
1.2950788595594916E7	4862320.15475508
1.2950787965594916E7	4862321.06475508
1.2950788615594916E7	4862321.56475508
1.2950787805594917E7	4862321.044755081
1.2950787325594917E7	4862320.374755081
1.2950787735594917E7	4862321.164755081
1.2950788195594916E7	4862321.584755081
1.2950787845594916E7	4862320.504755081
1.2950785045594916E7	4862318.954755081
1.2950785035594916E7	4862319.43475508
1.2950788545594916E7	4862321.56475508
1.2950786945594916E7	4862319.48475508
1.2950785035594916E7	4862319.14475508
1.2950786535594916E7	4862315.51475508
1.2950785995594917E7	4862317.39475508
1.2950788985594917E7	4862320.90475508
1.2950787525594916E7	4862321.084755081
1.2950787685594916E7	4862319.77475508
1.2950786505594917E7	4862319.61475508
1.2950785895594917E7	4862319.61475508
1.2950785725594917E7	4862319.36475508
1.2950785045594916E7	4862318.97475508
1.2950789955594916E7	4862321.48475508
1.2950788005594917E7	4862319.174755081
1.2950786295594916E7	4862314.504755081
1.2950788065594917E7	4862319.914755081
1.2950785055594917E7	4862317.61475508
1.2950788635594916E7	4862320.97475508
1.2950786445594916E7	4862319.534755081
1.2950788695594916E7	4862320.97475508
1.2950785695594916E7	4862319.494755081
1.2950785565594917E7	4862319.284755081
1.2950787835594917E7	4862321.06475508
1.2950785055594917E7	4862318.074755081
1.2950788865594916E7	4862321.544755081
1.2950786515594916E7	4862318.294755081
1.2950788445594916E7	4862321.574755081
1.2950787335594917E7	4862319.544755081
1.2950788565594917E7	4862318.8047550805
1.2950788725594917E7	4862321.5547550805
1.2950785055594917E7	4862318.02475508
1.2950787025594916E7	4862319.93475508
1.2950788655594917E7	4862321.56475508
1.2950787185594916E7	4862320.464755081
1.2950788645594917E7	4862321.56475508
1.2950787055594917E7	4862320.52475508
1.2950787465594916E7	4862320.374755081
1.2950785055594917E7	4862317.72475508
1.2950785655594917E7	4862319.704755081
1.2950786375594916E7	4862319.834755081
1.2950788065594917E7	4862319.72475508
1.2950787225594917E7	4862320.48475508
1.2950787715594916E7	4862320.43475508
1.2950785035594916E7	4862319.27475508
1.2950786005594917E7	4862319.5947550805
1.2950789135594916E7	4862321.534755081
1.2950785055594917E7	4862317.90475508
1.2950788075594917E7	4862320.924755081
1.2950785715594916E7	4862319.94475508
1.2950788645594917E7	4862321.034755081
1.2950787025594916E7	4862320.574755081
1.2950785045594916E7	4862318.52475508
1.2950785755594917E7	4862319.834755081
1.2950785045594916E7	4862318.23475508
1.2950787555594917E7	4862319.424755081
1.2950785045594916E7	4862319.0547550805
1.2950785045594916E7	4862318.744755081
1.2950788355594916E7	4862320.994755081
1.2950787905594917E7	4862321.134755081
1.2950787715594916E7	4862320.35475508
1.2950785045594916E7	4862318.874755081
1.2950785755594917E7	4862319.64475508
1.2950789915594917E7	4862321.494755081
1.2950785045594916E7	4862319.034755081
1.2950785035594916E7	4862319.504755081
1.2950785725594917E7	4862319.3447550805
1.2950787215594916E7	4862320.534755081
1.2950785875594916E7	4862317.97475508
1.2950788175594917E7	4862321.004755081
1.2950787155594917E7	4862319.794755081
1.2950785035594916E7	4862319.11475508
1.2950785055594917E7	4862317.704755081
1.2950788105594916E7	4862321.074755081
1.2950788235594917E7	4862319.794755081
1.2950787805594917E7	4862320.48475508
1.2950785035594916E7	4862319.51475508
1.2950785045594916E7	4862319.044755081
1.2950788295594916E7	4862320.994755081
1.2950786825594917E7	4862319.97475508
1.2950785945594916E7	4862318.584755081
1.2950788975594917E7	4862318.01475508
1.2950785045594916E7	4862319.02475508
1.2950790385594916E7	4862321.464755081
1.2950787635594916E7	4862320.574755081
1.2950788975594917E7	4862320.19475508
1.2950787055594917E7	4862319.90475508
1.2950785755594917E7	4862319.52475508
1.2950786265594916E7	4862319.76475508
1.2950786435594916E7	4862319.86475508
1.2950788195594916E7	4862320.914755081
1.2950785865594916E7	4862319.27475508
1.2950785035594916E7	4862319.494755081
1.2950785045594916E7	4862318.5547550805
1.2950788225594917E7	4862320.35475508
1.2950787085594917E7	4862319.824755081
1.2950788875594916E7	4862319.85475508
1.2950786705594916E7	4862318.56475508
1.2950785695594916E7	4862318.884755081
1.2950789025594916E7	4862321.544755081
1.2950785045594916E7	4862318.534755081
1.2950786575594917E7	4862319.61475508
1.2950785785594916E7	4862319.44475508
1.2950785035594916E7	4862319.124755081
1.2950789065594917E7	4862321.534755081
1.2950785725594917E7	4862319.374755081
1.2950785045594916E7	4862318.39475508
1.2950785545594916E7	4862319.68475508
1.2950786445594916E7	4862319.64475508
1.2950788235594917E7	4862319.5547550805
1.2950786305594917E7	4862320.0547550805
1.2950788685594916E7	4862320.15475508
1.2950787405594917E7	4862319.574755081
1.2950786015594916E7	4862318.69475508
1.2950788205594916E7	4862320.994755081
1.2950787255594917E7	4862320.35475508
1.2950785055594917E7	4862317.8447550805
1.2950785045594916E7	4862318.254755081
1.2950786545594916E7	4862319.704755081
1.2950785055594917E7	4862317.35475508
1.2950787505594917E7	4862320.44475508
1.2950786715594916E7	4862319.76475508
1.2950787935594916E7	4862321.034755081
1.2950785695594916E7	4862319.31475508
1.2950787265594916E7	4862319.98475508
1.2950787255594917E7	4862320.664755081
1.2950788515594916E7	4862321.56475508
1.2950785045594916E7	4862318.414755081
1.2950785035594916E7	4862319.47475508
1.2950787945594916E7	4862320.90475508
1.2950788585594917E7	4862320.3047550805
1.2950788665594917E7	4862320.97475508
1.2950785045594916E7	4862318.334755081
1.2950785035594916E7	4862319.10475508
1.2950787155594917E7	4862320.61475508
1.2950785045594916E7	4862318.8447550805
1.2950788325594917E7	4862321.574755081
1.2950785865594916E7	4862318.754755081
1.2950788825594917E7	4862321.5547550805
1.2950785565594917E7	4862319.31475508
1.2950788555594917E7	4862321.56475508
1.2950787605594916E7	4862320.284755081
1.2950786325594917E7	4862317.56475508
1.2950785055594917E7	4862317.884755081
1.2950785035594916E7	4862319.15475508
1.2950788925594917E7	4862321.544755081
1.2950787615594916E7	4862321.124755081
1.2950788305594917E7	4862319.69475508
1.2950788795594916E7	4862321.5547550805
1.2950786535594916E7	4862319.964755081
1.2950785725594917E7	4862319.294755081
1.2950785045594916E7	4862318.89475508
1.2950786705594916E7	4862318.5947550805
1.2950785945594916E7	4862318.72475508
1.2950785055594917E7	4862317.76475508
1.2950786375594916E7	4862320.284755081
1.2950787145594917E7	4862320.044755081
1.2950787255594917E7	4862320.56475508
1.2950785055594917E7	4862317.914755081
1.2950785055594917E7	4862317.85475508
1.2950788195594916E7	4862320.35475508
1.2950785045594916E7	4862319.01475508
1.2950785035594916E7	4862319.294755081
1.2950785045594916E7	4862318.61475508
1.2950785095594916E7	4862313.69475508
1.2950786715594916E7	4862319.574755081
1.2950788315594917E7	4862321.01475508
1.2950787345594916E7	4862319.464755081
1.2950785045594916E7	4862318.94475508
1.2950786155594917E7	4862317.3047550805
1.2950787545594916E7	4862321.134755081
1.2950785055594917E7	4862317.44475508
1.2950789875594916E7	4862321.494755081
1.2950787375594916E7	4862318.914755081
1.2950786275594916E7	4862319.35475508
1.2950785605594916E7	4862319.374755081
1.2950785045594916E7	4862318.714755081
1.2950785975594917E7	4862318.64475508
1.2950785035594916E7	4862319.454755081
1.2950785045594916E7	4862318.244755081
1.2950789575594917E7	4862321.51475508
1.2950785055594917E7	4862317.504755081
1.2950786015594916E7	4862318.8047550805
1.2950788855594916E7	4862321.544755081
1.2950787195594916E7	4862320.43475508
1.2950785835594917E7	4862318.90475508
1.2950787215594916E7	4862320.51475508
1.2950788585594917E7	4862321.56475508
1.2950788385594916E7	4862321.06475508
1.2950785655594917E7	4862319.674755081
1.2950787285594916E7	4862320.56475508
1.2950787735594917E7	4862321.044755081
1.2950788145594917E7	4862320.14475508
1.2950786965594916E7	4862320.584755081
1.2950787535594916E7	4862318.51475508
1.2950785035594916E7	4862319.384755081
1.2950786955594916E7	4862320.81475508
1.2950787675594917E7	4862319.584755081
1.2950788745594917E7	4862321.5547550805
1.2950788515594916E7	4862319.5947550805
1.2950787485594917E7	4862321.134755081
1.2950785595594916E7	4862319.65475508
1.2950785755594917E7	4862319.744755081
1.2950789295594916E7	4862319.64475508
1.2950790505594917E7	4862321.454755081
1.2950785685594916E7	4862319.60475508
1.2950788065594917E7	4862319.164755081
1.2950786435594916E7	4862320.02475508
1.2950785545594916E7	4862319.8447550805
1.2950787735594917E7	4862321.14475508
1.2950785055594917E7	4862317.5547550805
1.2950785975594917E7	4862318.5547550805
1.2950786345594916E7	4862319.674755081
1.2950785825594917E7	4862319.56475508
1.2950786195594916E7	4862320.18475508
1.2950786685594916E7	4862319.77475508
1.2950786605594916E7	4862319.90475508
1.2950787865594916E7	4862321.06475508
1.2950786535594916E7	4862315.574755081
1.2950786015594916E7	4862318.884755081
1.2950786245594917E7	4862319.214755081
1.2950786035594916E7	4862318.634755081
1.2950786435594916E7	4862319.94475508
1.2950788765594916E7	4862321.5547550805
1.2950785665594917E7	4862318.884755081
1.2950785865594916E7	4862318.73475508
1.2950789175594917E7	4862321.534755081
1.2950785755594917E7	4862319.674755081
1.2950785945594916E7	4862318.674755081
1.2950788105594916E7	4862320.954755081
1.2950788425594917E7	4862320.98475508
1.2950788725594917E7	4862320.94475508
1.2950789095594916E7	4862321.534755081
1.2950785685594916E7	4862319.624755081
1.2950785725594917E7	4862319.69475508
1.2950785655594917E7	4862319.794755081
1.2950787255594917E7	4862320.48475508
1.2950785055594917E7	4862318.0547550805
1.2950788785594916E7	4862321.5547550805
1.2950785045594916E7	4862318.22475508
1.2950785695594916E7	4862319.414755081
1.2950785725594917E7	4862319.52475508
1.2950786375594916E7	4862320.02475508
1.2950785865594916E7	4862318.954755081
1.2950788665594917E7	4862319.43475508
1.2950785875594916E7	4862318.0947550805
1.2950787465594916E7	4862320.414755081
1.2950789205594916E7	4862321.534755081
1.2950785105594916E7	4862312.77475508
1.2950785725594917E7	4862319.0547550805
1.2950787455594916E7	4862319.94475508
1.2950787585594917E7	4862321.134755081
1.2950786375594916E7	4862319.89475508
1.2950787835594917E7	4862320.324755081
1.2950786815594917E7	4862320.10475508
1.2950785725594917E7	4862319.39475508
1.2950787225594917E7	4862320.414755081
1.2950788715594916E7	4862321.5547550805
1.2950789315594917E7	4862321.52475508
1.2950788905594917E7	4862320.074755081
1.2950786685594916E7	4862319.72475508
1.2950786275594916E7	4862320.124755081
1.2950788855594916E7	4862321.5547550805
1.2950785805594917E7	4862318.414755081
1.2950785055594917E7	4862317.874755081
1.2950785045594916E7	4862318.384755081
1.2950785055594917E7	4862317.324755081
1.2950785625594916E7	4862319.824755081
1.2950787865594916E7	4862321.044755081
1.2950788485594917E7	4862321.574755081
1.2950788005594917E7	4862321.084755081
1.2950787395594917E7	4862320.534755081
1.2950786405594917E7	4862320.19475508
1.2950785695594916E7	4862319.47475508
1.2950789425594917E7	4862321.51475508
1.2950786505594917E7	4862320.14475508
1.2950787575594917E7	4862320.574755081
1.2950788145594917E7	4862321.0547550805
1.2950787545594916E7	4862319.56475508
1.2950785865594916E7	4862319.14475508
1.2950788075594917E7	4862321.0547550805
1.2950789535594916E7	4862320.674755081
1.2950789255594917E7	4862321.52475508
1.2950789535594916E7	4862321.51475508
1.2950788535594916E7	4862321.074755081
1.2950786505594917E7	4862320.0947550805
1.2950788755594917E7	4862318.884755081
1.2950788505594917E7	4862319.164755081
1.2950788355594916E7	4862321.084755081
1.2950788165594917E7	4862320.36475508
1.2950785055594917E7	4862317.674755081
1.2950786165594917E7	4862319.704755081
1.2950785695594916E7	4862319.044755081
1.2950785855594916E7	4862319.44475508
1.2950785055594917E7	4862317.784755081
1.2950787535594916E7	4862320.624755081
1.2950789585594917E7	4862321.51475508
1.2950785035594916E7	4862319.31475508
1.2950787505594917E7	4862319.77475508
1.2950787325594917E7	4862319.65475508
1.2950785035594916E7	4862319.584755081
1.2950788365594916E7	4862321.574755081
1.2950787715594916E7	4862321.124755081
1.2950788905594917E7	4862320.93475508
1.2950785045594916E7	4862318.884755081
1.2950786475594917E7	4862319.964755081
1.2950785055594917E7	4862317.824755081
1.2950789245594917E7	4862321.52475508
1.2950786405594917E7	4862319.8447550805
1.2950787325594917E7	4862320.35475508
1.2950788815594917E7	4862321.5547550805
1.2950787455594916E7	4862320.44475508
1.2950785045594916E7	4862318.494755081
1.2950788095594916E7	4862320.334755081
1.2950788825594917E7	4862320.93475508
1.2950785715594916E7	4862319.744755081
1.2950788495594917E7	4862320.3447550805
1.2950787225594917E7	4862320.27475508
1.2950789625594916E7	4862321.504755081
1.2950787545594916E7	4862321.10475508
1.2950787905594917E7	4862321.06475508
1.2950785045594916E7	4862318.424755081
1.2950786975594917E7	4862319.86475508
1.2950786345594916E7	4862320.02475508
1.2950785035594916E7	4862319.254755081
1.2950787895594917E7	4862321.06475508
1.2950788685594916E7	4862321.5547550805
1.2950786305594917E7	4862320.294755081
1.2950787395594917E7	4862320.624755081
1.2950786345594916E7	4862320.26475508
1.2950786305594917E7	4862320.084755081
1.2950786195594916E7	4862320.10475508
1.2950788055594917E7	4862320.3447550805
1.2950786575594917E7	4862319.884755081
1.2950787055594917E7	4862320.574755081
1.2950787155594917E7	4862320.56475508
1.2950788295594916E7	4862321.584755081
1.2950788415594917E7	4862321.574755081
1.2950786445594916E7	4862319.664755081
1.2950788315594917E7	4862319.60475508
1.2950788395594917E7	4862320.994755081
1.2950787645594917E7	4862321.124755081
1.2950786965594916E7	4862319.914755081
1.2950786145594917E7	4862317.48475508
1.2950785045594916E7	4862318.27475508
1.2950785945594916E7	4862318.69475508
1.2950785035594916E7	4862319.40475508
1.2950787975594917E7	4862320.98475508
1.2950785995594917E7	4862317.5947550805
1.2950788525594916E7	4862321.56475508
1.2950785045594916E7	4862318.3047550805
1.2950785045594916E7	4862318.994755081
1.2950789005594917E7	4862320.704755081
1.2950785075594917E7	4862316.22475508
1.2950788995594917E7	4862321.544755081
1.2950787605594916E7	4862316.214755081
1.2950785515594916E7	4862319.27475508
1.2950790345594916E7	4862321.464755081
1.2950785035594916E7	4862319.22475508
1.2950785045594916E7	4862318.924755081
1.2950785835594917E7	4862318.93475508
1.2950785045594916E7	4862318.164755081
1.2950785055594917E7	4862317.964755081
1.2950788605594916E7	4862319.504755081
1.2950785045594916E7	4862318.284755081
1.2950786825594917E7	4862319.60475508
1.2950785045594916E7	4862318.19475508
1.2950786275594916E7	4862319.44475508
1.2950788265594916E7	4862319.77475508
1.2950787125594916E7	4862320.73475508
1.2950786245594917E7	4862319.074755081
1.2950785045594916E7	4862318.794755081
1.2950785055594917E7	4862317.994755081
1.2950787835594917E7	4862321.01475508
1.2950785035594916E7	4862319.26475508
1.2950787325594917E7	4862320.534755081
1.2950786425594917E7	4862318.174755081
1.2950785035594916E7	4862319.174755081
1.2950786935594916E7	4862320.5547550805
1.2950789815594917E7	4862320.77475508
1.2950786575594917E7	4862320.044755081
1.2950786405594917E7	4862320.074755081
1.2950789325594917E7	4862321.52475508
1.2950788345594916E7	4862319.61475508
1.2950788285594916E7	4862319.23475508
1.2950788755594917E7	4862321.5547550805
1.2950788675594917E7	4862317.964755081
1.2950786915594917E7	4862319.31475508
1.2950788355594916E7	4862321.574755081
1.2950785035594916E7	4862319.074755081
1.2950788175594917E7	4862320.254755081
1.2950785045594916E7	4862318.664755081
1.2950785045594916E7	4862318.69475508
1.2950787975594917E7	4862320.464755081
1.2950785045594916E7	4862318.86475508
1.2950785045594916E7	4862318.584755081
1.2950787025594916E7	4862320.69475508
1.2950787155594917E7	4862320.36475508
1.2950787125594916E7	4862320.51475508
1.2950788475594917E7	4862321.034755081
1.2950785035594916E7	4862319.244755081
1.2950788015594916E7	4862320.43475508
1.2950788575594917E7	4862320.8447550805
1.2950785045594916E7	4862318.964755081
1.2950788245594917E7	4862320.43475508
1.2950788665594917E7	4862320.914755081
1.2950785825594917E7	4862319.64475508
1.2950785055594917E7	4862318.134755081
1.2950786055594917E7	4862318.884755081
1.2950786145594917E7	4862317.424755081
1.2950788065594917E7	4862319.544755081
1.2950787715594916E7	4862321.10475508
1.2950788075594917E7	4862320.97475508
1.2950786755594917E7	4862319.52475508
1.2950786835594917E7	4862320.124755081
1.2950786705594916E7	4862318.48475508
1.2950788255594917E7	4862320.964755081
1.2950788345594916E7	4862320.19475508
1.2950788955594916E7	4862321.544755081
1.2950788455594916E7	4862321.574755081
1.2950786005594917E7	4862319.61475508
1.2950785045594916E7	4862318.504755081
1.2950785055594917E7	4862317.584755081
1.2950787465594916E7	4862320.60475508
1.2950788425594917E7	4862321.574755081
1.2950788135594916E7	4862320.414755081
1.2950785875594916E7	4862318.11475508
1.2950785855594916E7	4862319.464755081
1.2950786405594917E7	4862320.044755081
1.2950787325594917E7	4862320.51475508
1.2950785045594916E7	4862318.574755081
1.2950788065594917E7	4862321.084755081
1.2950785045594916E7	4862318.36475508
1.2950785045594916E7	4862318.76475508
1.2950785035594916E7	4862319.544755081
1.2950787155594917E7	4862320.51475508
1.2950788885594916E7	4862321.544755081
1.2950786695594916E7	4862319.584755081
1.2950788385594916E7	4862321.574755081
1.2950786005594917E7	4862319.464755081
1.2950785895594917E7	4862319.06475508
1.2950790145594917E7	4862321.47475508
1.2950788415594917E7	4862319.52475508
1.2950788075594917E7	4862321.034755081
1.2950785695594916E7	4862319.3447550805
1.2950785045594916E7	4862318.464755081
1.2950788745594917E7	4862320.97475508
1.2950788005594917E7	4862320.534755081
1.2950785695594916E7	4862319.52475508
1.2950788135594916E7	4862319.77475508
1.2950788175594917E7	4862321.0547550805
1.2950786615594916E7	4862319.664755081
1.2950787795594916E7	4862320.47475508
1.2950787495594917E7	4862320.64475508
1.2950786575594917E7	4862319.664755081
1.2950786545594916E7	4862318.18475508
1.2950787325594917E7	4862320.634755081
1.2950787515594916E7	4862321.134755081
1.2950785045594916E7	4862318.81475508
1.2950785695594916E7	4862318.964755081
1.2950787155594917E7	4862320.5947550805
1.2950789725594917E7	4862321.504755081
1.2950788305594917E7	4862319.794755081
1.2950785835594917E7	4862318.794755081
1.2950785045594916E7	4862319.004755081
1.2950786055594917E7	4862318.834755081
1.2950785055594917E7	4862318.084755081
1.2950785055594917E7	4862318.10475508
1.2950786335594917E7	4862320.15475508
