1.2950787735594917E7	4862312.174755081
1.2950790545594916E7	4862317.61475508
1.2950786715594916E7	4862319.0947550805
1.2950788475594917E7	4862318.02475508
1.2950787385594916E7	4862319.73475508
1.2950786925594917E7	4862318.0547550805
1.2950789565594917E7	4862317.47475508
1.2950787955594916E7	4862320.26475508
1.2950789805594917E7	4862321.494755081
1.2950787095594916E7	4862319.47475508
1.2950788575594917E7	4862311.97475508
1.2950788415594917E7	4862316.914755081
1.2950787245594917E7	4862318.27475508
1.2950787425594917E7	4862318.244755081
1.2950785055594917E7	4862317.56475508
1.2950785055594917E7	4862317.93475508
1.2950788215594916E7	4862320.02475508
1.2950789045594916E7	4862320.72475508
1.2950788125594916E7	4862312.69475508
1.2950786415594917E7	4862313.8047550805
1.2950787565594917E7	4862314.72475508
1.2950786795594916E7	4862318.81475508
1.2950786535594916E7	4862319.174755081
1.2950788915594917E7	4862317.504755081
1.2950788405594917E7	4862320.31475508
1.2950788525594916E7	4862311.98475508
1.2950788855594916E7	4862315.374755081
1.2950787745594917E7	4862312.164755081
1.2950788305594917E7	4862319.11475508
1.2950788875594916E7	4862320.76475508
1.2950789575594917E7	4862317.534755081
1.2950786415594917E7	4862318.834755081
1.2950787505594917E7	4862318.11475508
1.2950785905594917E7	4862318.40475508
1.2950788625594916E7	4862311.964755081
1.2950787105594916E7	4862316.8447550805
1.2950788915594917E7	4862320.76475508
1.2950786135594916E7	4862318.3447550805
1.2950788755594917E7	4862318.90475508
1.2950788765594916E7	4862313.424755081
1.2950787105594916E7	4862316.754755081
1.2950786765594916E7	4862318.924755081
1.2950786645594917E7	4862318.674755081
1.2950786095594916E7	4862318.624755081
1.2950788305594917E7	4862318.884755081
1.2950787855594916E7	4862314.3447550805
1.2950788915594917E7	4862320.52475508
1.2950785055594917E7	4862318.14475508
1.2950785975594917E7	4862318.8447550805
1.2950788605594916E7	4862320.89475508
1.2950787105594916E7	4862317.01475508
1.2950789525594916E7	4862311.76475508
1.2950789745594917E7	4862321.504755081
1.2950787175594917E7	4862319.464755081
1.2950788275594916E7	4862312.65475508
1.2950787755594917E7	4862312.794755081
1.2950785055594917E7	4862318.0547550805
1.2950786095594916E7	4862318.164755081
1.2950785935594916E7	4862318.86475508
1.2950785045594916E7	4862318.22475508
1.2950788245594917E7	4862319.464755081
1.2950786655594917E7	4862319.11475508
1.2950787745594917E7	4862319.494755081
1.2950786095594916E7	4862318.254755081
1.2950787415594917E7	4862319.0547550805
1.2950790075594917E7	4862311.634755081
1.2950787095594916E7	4862319.5547550805
1.2950788425594917E7	4862316.51475508
1.2950785065594917E7	4862316.94475508
1.2950787065594917E7	4862319.44475508
1.2950786625594916E7	4862313.0547550805
1.2950786095594916E7	4862318.5947550805
1.2950786515594916E7	4862317.68475508
1.2950789205594916E7	4862313.31475508
1.2950785055594917E7	4862317.924755081
1.2950786065594917E7	4862317.35475508
1.2950787965594916E7	4862320.244755081
1.2950786675594917E7	4862317.93475508
1.2950786145594917E7	4862317.86475508
1.2950789445594916E7	4862311.77475508
1.2950787375594916E7	4862315.94475508
1.2950789285594916E7	4862319.914755081
1.2950789015594916E7	4862319.924755081
1.2950786905594917E7	4862319.574755081
1.2950786055594917E7	4862314.86475508
1.2950786175594917E7	4862318.574755081
1.2950789685594916E7	4862311.72475508
1.2950786515594916E7	4862317.414755081
1.2950788985594917E7	4862320.924755081
1.2950788365594916E7	4862312.02475508
1.2950785055594917E7	4862318.044755081
1.2950786575594917E7	4862316.56475508
1.2950785065594917E7	4862316.914755081
1.2950789785594916E7	4862311.704755081
1.2950787765594916E7	4862312.164755081
1.2950787385594916E7	4862319.56475508
1.2950786835594917E7	4862319.784755081
1.2950785055594917E7	4862317.324755081
1.2950787755594917E7	4862320.214755081
1.2950785045594916E7	4862318.18475508
1.2950788375594916E7	4862312.02475508
1.2950788545594916E7	4862320.36475508
1.2950788465594916E7	4862319.254755081
1.2950789135594916E7	4862311.8447550805
1.2950787405594917E7	4862315.81475508
1.2950786185594916E7	4862317.294755081
1.2950785065594917E7	4862317.23475508
1.2950786955594916E7	4862315.35475508
1.2950785895594917E7	4862313.924755081
1.2950787965594916E7	4862319.204755081
1.2950788335594917E7	4862320.27475508
1.2950785065594917E7	4862316.704755081
1.2950786795594916E7	4862313.124755081
1.2950787105594916E7	4862317.464755081
1.2950786165594917E7	4862317.954755081
1.2950788225594917E7	4862312.664755081
1.2950787755594917E7	4862315.574755081
1.2950787695594916E7	4862319.10475508
1.2950787425594917E7	4862320.60475508
1.2950787655594917E7	4862320.214755081
1.2950790785594916E7	4862321.44475508
1.2950787105594916E7	4862316.5547550805
1.2950789195594916E7	4862311.834755081
1.2950789895594917E7	4862321.494755081
1.2950786285594916E7	4862318.964755081
1.2950787095594916E7	4862319.324755081
1.2950785815594917E7	4862314.64475508
1.2950785895594917E7	4862319.0947550805
1.2950786645594917E7	4862319.06475508
1.2950790325594917E7	4862320.214755081
1.2950786145594917E7	4862317.954755081
1.2950785055594917E7	4862317.824755081
1.2950787225594917E7	4862318.134755081
1.2950789025594916E7	4862311.874755081
1.2950785905594917E7	4862318.494755081
1.2950786335594917E7	4862316.954755081
1.2950788945594916E7	4862320.76475508
1.2950787265594916E7	4862316.15475508
1.2950785905594917E7	4862318.884755081
1.2950785085594917E7	4862315.454755081
1.2950787185594916E7	4862316.574755081
1.2950788045594916E7	4862317.794755081
1.2950785055594917E7	4862317.744755081
1.2950785905594917E7	4862318.72475508
1.2950785045594916E7	4862318.424755081
1.2950787295594916E7	4862319.574755081
1.2950789085594917E7	4862311.86475508
1.2950789925594917E7	4862318.664755081
1.2950785055594917E7	4862317.464755081
1.2950785055594917E7	4862317.90475508
1.2950788365594916E7	4862318.93475508
1.2950788855594916E7	4862319.90475508
1.2950786415594917E7	4862319.034755081
1.2950786085594917E7	4862317.52475508
1.2950788765594916E7	4862311.93475508
1.2950786355594916E7	4862318.98475508
1.2950787265594916E7	4862316.0947550805
1.2950786725594917E7	4862318.06475508
1.2950787295594916E7	4862319.464755081
1.2950789365594916E7	4862317.48475508
1.2950785905594917E7	4862318.81475508
1.2950785905594917E7	4862318.634755081
1.2950789915594917E7	4862321.494755081
1.2950785975594917E7	4862318.754755081
1.2950785065594917E7	4862317.0547550805
1.2950788265594916E7	4862320.424755081
1.2950785715594916E7	4862318.164755081
1.2950787065594917E7	4862319.534755081
1.2950788035594916E7	4862317.824755081
1.2950789565594917E7	4862318.744755081
1.2950788075594917E7	4862316.60475508
1.2950785825594917E7	4862317.11475508
1.2950790105594916E7	4862321.48475508
1.2950788155594917E7	4862312.68475508
1.2950788145594917E7	4862320.18475508
1.2950788015594916E7	4862320.294755081
1.2950785045594916E7	4862318.27475508
1.2950787905594917E7	4862318.884755081
1.2950787595594916E7	4862320.31475508
1.2950788985594917E7	4862318.824755081
1.2950790495594917E7	4862319.72475508
1.2950790695594916E7	4862318.56475508
1.2950785075594917E7	4862315.5547550805
1.2950786855594916E7	4862319.334755081
1.2950788145594917E7	4862315.15475508
1.2950786525594916E7	4862313.18475508
1.2950788755594917E7	4862320.77475508
1.2950790045594916E7	4862311.64475508
1.2950786655594917E7	4862319.164755081
1.2950785055594917E7	4862317.964755081
1.2950785055594917E7	4862317.40475508
1.2950785045594916E7	4862318.164755081
1.2950788865594916E7	4862311.914755081
1.2950785045594916E7	4862318.19475508
1.2950789035594916E7	4862311.874755081
1.2950790065594917E7	4862321.48475508
1.2950790695594916E7	4862318.31475508
1.2950785045594916E7	4862318.374755081
1.2950785055594917E7	4862317.994755081
1.2950785065594917E7	4862317.084755081
1.2950785065594917E7	4862317.11475508
1.2950790705594916E7	4862315.534755081
1.2950786885594916E7	4862318.924755081
1.2950785065594917E7	4862316.884755081
1.2950788475594917E7	4862320.31475508
1.2950789095594916E7	4862311.85475508
1.2950787255594917E7	4862319.634755081
1.2950787955594916E7	4862320.294755081
1.2950788015594916E7	4862320.3447550805
1.2950786415594917E7	4862318.98475508
1.2950785905594917E7	4862318.874755081
1.2950786725594917E7	4862318.124755081
1.2950785085594917E7	4862315.084755081
1.2950789565594917E7	4862321.51475508
1.2950787115594916E7	4862317.964755081
1.2950786185594916E7	4862317.23475508
1.2950790925594917E7	4862319.39475508
1.2950786385594916E7	4862318.8447550805
1.2950787175594917E7	4862316.494755081
1.2950788035594916E7	4862320.574755081
1.2950787295594916E7	4862319.43475508
1.2950787275594916E7	4862313.664755081
1.2950786015594916E7	4862314.464755081
1.2950786975594917E7	4862313.074755081
1.2950785055594917E7	4862317.8447550805
1.2950788645594917E7	4862320.89475508
1.2950786425594917E7	4862318.19475508
1.2950785045594916E7	4862318.254755081
1.2950789665594917E7	4862321.504755081
1.2950787045594916E7	4862313.48475508
1.2950785715594916E7	4862318.134755081
1.2950785055594917E7	4862318.134755081
1.2950789295594916E7	4862319.0947550805
1.2950790665594917E7	4862317.69475508
1.2950785055594917E7	4862317.26475508
1.2950789015594916E7	4862316.3447550805
1.2950787965594916E7	4862319.424755081
1.2950785075594917E7	4862315.65475508
1.2950787835594917E7	4862320.3047550805
1.2950785895594917E7	4862319.454755081
1.2950788955594916E7	4862321.544755081
1.2950786325594917E7	4862317.8447550805
1.2950785725594917E7	4862317.914755081
1.2950786125594916E7	4862316.72475508
1.2950786175594917E7	4862318.544755081
1.2950787275594916E7	4862313.954755081
1.2950785055594917E7	4862317.60475508
1.2950785695594916E7	4862317.5947550805
1.2950790035594916E7	4862321.48475508
1.2950787045594916E7	4862313.3447550805
1.2950787225594917E7	4862318.10475508
1.2950788405594917E7	4862320.26475508
1.2950785045594916E7	4862318.36475508
1.2950789525594916E7	4862318.744755081
1.2950787695594916E7	4862318.134755081
1.2950786435594916E7	4862316.93475508
1.2950789255594917E7	4862317.494755081
1.2950785945594916E7	4862318.634755081
1.2950786935594916E7	4862317.714755081
1.2950790025594916E7	4862321.48475508
1.2950791515594916E7	4862321.40475508
1.2950785075594917E7	4862315.90475508
1.2950786065594917E7	4862314.5947550805
1.2950788555594917E7	4862320.31475508
1.2950786725594917E7	4862319.004755081
1.2950786795594916E7	4862318.47475508
1.2950788325594917E7	4862312.034755081
1.2950787205594916E7	4862317.744755081
1.2950786965594916E7	4862313.044755081
1.2950785895594917E7	4862319.324755081
1.2950789365594916E7	4862319.634755081
1.2950788665594917E7	4862320.254755081
1.2950787885594916E7	4862317.85475508
1.2950789825594917E7	4862321.494755081
1.2950785055594917E7	4862317.85475508
1.2950785085594917E7	4862315.254755081
1.2950786625594916E7	4862313.44475508
1.2950786145594917E7	4862317.98475508
1.2950785045594916E7	4862318.324755081
1.2950788295594916E7	4862317.93475508
1.2950788095594916E7	4862319.39475508
1.2950785045594916E7	4862318.61475508
1.2950785045594916E7	4862318.174755081
1.2950785905594917E7	4862318.754755081
1.2950785905594917E7	4862318.8447550805
1.2950785975594917E7	4862318.86475508
1.2950786725594917E7	4862317.124755081
1.2950786645594917E7	4862318.86475508
1.2950789915594917E7	4862311.674755081
1.2950787175594917E7	4862319.634755081
1.2950789955594916E7	4862321.494755081
1.2950785055594917E7	4862318.084755081
1.2950786645594917E7	4862318.97475508
1.2950789085594917E7	4862318.714755081
1.2950785055594917E7	4862318.164755081
